0.0   -23.396158539112406
0.01001   14.354163398861118
0.02002   -14.564224835105943
0.03003   13.768840529114566
0.04004   -5.002317095840577
0.05005   5.408014303429127
0.06006   13.047318874302277
0.07007   5.147183743408899
0.08008   -3.745682760245478
0.09009   -0.8350363549961708
0.1001   16.924452052601264
0.1101   18.808397275275894
0.1201   -2.9958186025305023
0.1301   -11.22024551989782
0.1401   -7.946002551987611
0.1502   -3.0793649448829257
0.1602   5.93753658587603
0.1702   -55.697629680445935
0.1802   45.62600179997343
0.1902   35.66014127494141
0.2002   19.42366487520851
0.2102   6.699528362974796
0.2202   8.766567800903985
0.2302   -2.2438386738403064
0.2402   23.805744391269034
0.2503   0.32518046128495737
0.2603   -6.108455795135356
0.2703   -25.69739451523308
0.2803   -43.788479498964406
0.2903   34.745804223548944
0.3003   6.229741895478046
0.3103   -17.861733924460566
0.3203   2.6681789363730433
0.3303   2.7168790592335936
0.3403   30.34023651268336
0.3504   -29.317268129421947
0.3604   5.0651063261304365
0.3704   21.553847359398873
0.3804   -18.41590866841655
0.3904   52.915654272124925
0.4004   -30.86460790071097
0.4104   35.730915781365695
0.4204   -26.575195327661127
0.4304   52.204661374946966
0.4404   9.867390101154268
0.4505   -16.643818197712108
0.4605   30.892933739502894
0.4705   35.7848275557916
0.4805   6.93965089221264
0.4905   41.2961705399825
0.5005   -16.629263931423445
0.5105   -0.16705766139855527
0.5205   -5.408937020207329
0.5305   16.89001146760529
0.5405   -7.56104458413444
0.5506   -17.67346888934398
0.5606   -15.60903962372388
0.5706   36.49908301391588
0.5806   18.98769842166683
0.5906   18.943452037367223
0.6006   10.192988717963853
0.6106   12.273547367816654
0.6206   36.77784467649912
0.6306   -14.526145595934011
0.6406   27.4809115313047
0.6507   58.86771533850042
0.6607   -43.274014799455685
0.6707   6.654039882313181
0.6807   20.503482463540735
0.6907   14.720431235494829
0.7007   3.053977856062305
0.7107   25.639577099622713
0.7207   40.56534774271192
0.7307   -5.305952221079027
0.7407   4.5984981808409096
0.7508   -22.1987049968187
0.7608   -11.943282472321236
0.7708   6.4706031035202125
0.7808   10.853484828154583
0.7908   2.7014524778378357
0.8008   34.09689677974518
0.8108   9.216013844729193
0.8208   -16.273412066155316
0.8308   10.435514827846198
0.8408   19.775447449525437
0.8509   35.227071975937186
0.8609   8.268735150614475
0.8709   2.97657920385733
0.8809   4.95531639941084
0.8909   28.799903220038154
0.9009   -29.490975621866934
0.9109   -1.925343514705597
0.9209   -6.368661221935678
0.9309   -23.018246980239688
0.9409   34.16068153836969
0.951   14.54981667389594
0.961   -2.0111628158200485
0.971   21.894177000037807
0.981   22.30488598086467
0.991   8.803753100810527
1.001   0.8879429978498852
1.011   16.07232302759928
1.021   11.079279273048673
1.031   38.7325963142271
1.041   -11.629668506443963
1.051   36.581372943651324
1.061   -61.12183804662452
1.071   -5.210990757005533
1.081   -21.08853151983849
1.091   18.045231039909197
1.101   5.378004228613419
1.111   -10.208783899615476
1.121   11.348370559376011
1.131   18.33323355369604
1.141   14.684384131850615
1.151   38.06068669443596
1.161   -0.2262521252617855
1.171   10.625777882991331
1.181   30.387288435728966
1.191   6.050366660739739
1.201   79.69864745531993
1.211   13.222128747984948
1.221   1.926446617448029
1.231   29.208127613436524
1.241   20.997739666889906
1.251   -28.45835088070514
1.261   16.43763242028432
1.271   35.1799306726467
1.281   22.08152675404218
1.291   -25.071390353059947
1.301   9.025995318486336
1.311   7.018031023160852
1.321   27.559731706551
1.331   -16.661953185523032
1.341   -4.227326630280903
1.351   30.290494225236984
1.361   41.6914315751225
1.371   35.258697438949085
1.381   57.105846287893826
1.391   7.843873733397981
1.401   4.906656825331105
1.411   -2.143593237895036
1.421   14.9771968135956
1.431   38.58704593313675
1.441   46.94448909024574
1.451   -20.063761621460714
1.461   31.99836118863358
1.471   30.102945338002
1.481   39.50660142002752
1.491   -9.651144059332953
1.502   10.753920195004438
1.512   19.854724720509275
1.522   13.007268163345643
1.532   26.930715750514953
1.542   40.024392368101935
1.552   29.110180550836994
1.562   -24.32884960434264
1.572   49.54421690779944
1.582   -10.330149801545657
1.592   -16.316769917792215
1.602   39.00884232228215
1.612   7.8312122608835235
1.622   4.755002577707732
1.632   -19.472870107193046
1.642   33.73294813154859
1.652   -1.0716032206719177
1.662   49.477078588373985
1.672   9.037452792012415
1.682   18.95138215018779
1.692   21.808834231967296
1.702   18.723642358391096
1.712   23.393187634958547
1.722   53.733753955956786
1.732   22.756580305648896
1.742   28.95450900084115
1.752   20.733228481875376
1.762   23.395696961538064
1.772   7.5206731094213914
1.782   10.578075516012804
1.792   12.553893558744251
1.802   57.66676513329661
1.812   46.365809371982664
1.822   23.157441283304433
1.832   41.43429595172178
1.842   41.919934137862676
1.852   19.135538297163727
1.862   13.246357179869534
1.872   11.581376866318546
1.882   -15.542963641158844
1.892   19.456402644429232
1.902   26.0692322444058
1.912   2.111365300619372
1.922   7.183161208236136
1.932   48.85810323561435
1.942   56.704979455832316
1.952   6.776482221084343
1.962   27.808826505565982
1.972   52.543747926152186
1.982   47.98576958159144
1.992   24.847811709479032
2.002   46.797337267913235
2.012   33.56006349508577
2.022   43.65311971770933
2.032   49.42116752610352
2.042   22.617880253668073
2.052   65.01904625592415
2.062   66.38635242380954
2.072   38.36955854455537
2.082   39.67263762699638
2.092   85.03360445279176
2.102   18.36023584409297
2.112   27.592342716153922
2.122   24.98646403823069
2.132   21.877229947695785
2.142   11.10542182226267
2.152   35.21082706400517
2.162   49.033410232567945
2.172   37.03074439659227
2.182   39.24260645623427
2.192   -3.5922155327983774
2.202   40.40250055357615
2.212   28.203898604974924
2.222   63.62543330144511
2.232   30.535978400665098
2.242   -1.1383822124846183
2.252   26.320121742866455
2.262   33.844200139317344
2.272   21.617303030922415
2.282   53.549999481301086
2.292   37.24702373531931
2.302   52.2549500057981
2.312   49.10226210855727
2.322   65.41241500357786
2.332   32.80676265518743
2.342   -1.3744097959483668
2.352   33.707091396302715
2.362   26.468229797737933
2.372   57.01161474922924
2.382   30.60765677037047
2.392   20.94707171469482
2.402   30.15701010176576
2.412   -14.596286855910662
2.422   50.31412773351052
2.432   5.826144041301081
2.442   26.80407379012134
2.452   63.46349326092445
2.462   25.84296153292111
2.472   41.57239082449789
2.482   33.775450445622326
2.492   36.88863087748043
2.503   52.01680934638014
2.513   48.26571896141107
2.523   27.01146786073968
2.533   28.176186509011124
2.543   20.552588113206465
2.553   23.514442036543333
2.563   36.28356966750198
2.573   48.90203963546719
2.583   40.7374965344131
2.593   60.99613239507683
2.603   20.116696763021668
2.613   13.179958500498145
2.623   27.753455149809785
2.633   55.41194750888776
2.643   31.227054120021148
2.653   64.66173404393444
2.663   58.27887787006527
2.673   72.37523315726403
2.683   32.55474003231386
2.693   31.958150703255768
2.703   8.619137256577005
2.713   51.28122195554581
2.723   47.77103204243235
2.733   57.05289611316139
2.743   62.38031574958368
2.753   28.89552792004202
2.763   49.73003970917558
2.773   18.170565372137588
2.783   37.35962564501703
2.793   59.162676788882955
2.803   71.02159067477764
2.813   12.0956080312144
2.823   48.77904563435628
2.833   73.64881276927677
2.843   2.089140859937224
2.853   33.99393505265035
2.863   52.563106764179636
2.873   9.353258402850727
2.883   50.99478695991421
2.893   15.62252427819043
2.903   83.5609730615252
2.913   47.708194465300494
2.923   56.62276738213299
2.933   72.78367695953636
2.943   28.11541752553129
2.953   40.5165487569671
2.963   55.90487060738067
2.973   37.264729710981456
2.983   31.204838069567042
2.993   65.39309305286217
3.003   57.32692392958366
3.013   20.888109751507407
3.023   33.46521522734385
3.033   62.11128129270466
3.043   43.46967438608398
3.053   32.05034213081987
3.063   63.48777670418972
3.073   55.90644601358578
3.083   77.89682906803944
3.093   69.2834794343821
3.103   11.934842687745807
3.113   62.82906249764706
3.123   48.63500986319898
3.133   19.183607160567583
3.143   22.96335472488599
3.153   72.00184299692138
3.163   76.46140772561137
3.173   11.168543085295774
3.183   49.91056007522507
3.193   79.4327759173815
3.203   36.8591400325892
3.213   35.65742984166097
3.223   65.88089110575409
3.233   88.80903888138596
3.243   73.95765361282517
3.253   74.7396516954787
3.263   49.28744475241272
3.273   76.30719187657995
3.283   103.0502474398532
3.293   40.419035745066516
3.303   34.63977208595992
3.313   26.999643738934864
3.323   53.9733212763591
3.333   68.91235601544757
3.343   67.71432653751683
3.353   47.26470441228639
3.363   84.91588484133355
3.373   18.62254324602987
3.383   76.94260893254534
3.393   49.43823630080139
3.403   34.75925898214397
3.413   48.64423133948327
3.423   66.50326858543607
3.433   40.04272197842626
3.443   75.83963742696315
3.453   40.45474442138773
3.463   55.40445121741342
3.473   36.250618681735574
3.483   76.48860487528215
3.493   62.10411249337193
3.504   47.88732007117882
3.514   36.61310030874602
3.524   59.023517094644305
3.534   67.33223642463476
3.544   54.17269687986958
3.554   20.52064307488792
3.564   96.64491083572064
3.574   42.781670722614734
3.584   74.31176058461195
3.594   119.8459787394134
3.604   78.77908833162607
3.614   77.34624235347844
3.624   79.15161175698256
3.634   20.81963390704287
3.644   86.10464772629743
3.654   68.23659294737618
3.664   63.75638909486743
3.674   93.01976919494177
3.684   74.8325299916136
3.694   62.72959820831548
3.704   64.0935092095494
3.714   70.30329665926449
3.724   63.478164747579115
3.734   51.715555396576974
3.744   82.68461201196304
3.754   27.938890753726497
3.764   101.65898522990028
3.774   63.770131388179486
3.784   77.80592785365232
3.794   45.69978528675692
3.804   55.287871533002885
3.814   113.14766384846408
3.824   94.72953009718812
3.834   60.388347981169126
3.844   97.60053244050401
3.854   51.453479600068974
3.864   92.46675644424685
3.874   71.05165301963515
3.884   85.5123020043288
3.894   85.67705791488143
3.904   76.22228889273991
3.914   77.28898944607081
3.924   63.16981400775528
3.934   110.23373057164386
3.944   58.0129607535937
3.954   58.61251712559998
3.964   82.83554077193563
3.974   74.06279292039098
3.984   79.97670172062804
3.994   74.83157524663847
4.004   83.94419255087905
4.014   113.78793812298915
4.024   81.15487749946311
4.034   114.2095052547727
4.044   79.44490240071741
4.054   64.61769053256259
4.064   76.52367833387103
4.074   74.50170261150579
4.084   105.54564337576316
4.094   100.5036607547228
4.104   83.78354672113008
4.114   78.15656485702681
4.124   84.1458931547462
4.134   83.01404598330936
4.144   134.27851602922337
4.154   91.20755876048155
4.164   133.56942860720022
4.174   115.20730721815559
4.184   108.64794561645317
4.194   70.02561290021943
4.204   79.79961069817529
4.214   87.2900366154661
4.224   72.24689754087524
4.234   79.61347316320888
4.244   82.19770696407097
4.254   86.79078804097671
4.264   69.91591598849001
4.274   93.94901539325454
4.284   96.5793800334401
4.294   62.59610442999627
4.304   89.42545650725596
4.314   84.68017229238237
4.324   76.66263870896755
4.334   72.80546974337456
4.344   105.84356512522737
4.354   78.55827195621896
4.364   111.35397267159806
4.374   111.04043031198498
4.384   111.21508402658753
4.394   89.43378936144566
4.404   89.74891327261184
4.414   102.08440236890863
4.424   39.48488827355304
4.434   93.33301849221797
4.444   83.6849835507051
4.454   105.15258764389637
4.464   104.88769505074296
4.474   109.07977308813356
4.484   127.3355977672345
4.494   86.19203970471247
4.505   71.24491285264959
4.515   83.94484063336057
4.525   37.36690074984375
4.535   107.3989087705369
4.545   105.44919806467249
4.555   142.29278006879747
4.565   114.43286603237428
4.575   74.77648005472172
4.585   86.37501430759706
4.595   109.65000307428612
4.605   104.6140134287642
4.615   108.63144606880017
4.625   144.47391275505805
4.635   93.16736567941746
4.645   99.05516658835636
4.655   83.91914044839197
4.665   144.30124772142082
4.675   88.34434219138961
4.685   85.41207964091248
4.695   88.57622932023007
4.705   119.71336895153948
4.715   81.7048472296614
4.725   63.11549660465347
4.735   106.48858418015209
4.745   131.81823785404555
4.755   82.67160371218449
4.765   72.87404850235286
4.775   88.92126764504903
4.785   84.85334708705065
4.795   106.2218210180896
4.805   118.06869380370807
4.815   86.57017933530136
4.825   126.6596399017179
4.835   75.97504181287276
4.845   121.47482629809741
4.855   119.44010378388595
4.865   105.35903034334898
4.875   109.85955096215662
4.885   121.32799607385756
4.895   97.98618151495447
4.905   76.81876623394987
4.915   128.76252474935444
4.925   144.80156338644255
4.935   62.7121009721943
4.945   168.25354173293942
4.955   136.9445162510335
4.965   152.40825097945213
4.975   105.44364630689188
4.985   123.86357354573374
4.995   91.13468035241732
5.005   105.23456599304052
5.015   112.68985200095793
5.025   103.19734069110999
5.035   119.21736960835378
5.045   131.87819635203542
5.055   103.93617604868233
5.065   81.26318153727712
5.075   104.27570176742863
5.085   84.37397977512458
5.095   132.32159920378706
5.105   128.5727084351974
5.115   162.26761269059298
5.125   90.51576081294485
5.135   89.78307196431521
5.145   98.809660014489
5.155   137.4560484398084
5.165   105.0013710164036
5.175   129.20236183712268
5.185   144.60769240572057
5.195   82.77172033154523
5.205   119.71535295463993
5.215   115.4649037579979
5.225   129.63431278729777
5.235   114.46236791847048
5.245   120.15424831382455
5.255   124.92634382029217
5.265   145.6793540414605
5.275   163.44573490957714
5.285   137.13245171237332
5.295   137.48007291294238
5.305   87.60740793625891
5.315   162.63005068362583
5.325   138.73613219760279
5.335   125.16638338274765
5.345   110.75973348395536
5.355   161.05348670255995
5.365   128.79756557237417
5.375   161.4064371839039
5.385   149.14674712437946
5.395   122.02838690657475
5.405   119.80308205327836
5.415   135.66748912585365
5.425   136.97463426291853
5.435   145.52278324713734
5.445   130.37619962992878
5.455   125.68534652187977
5.465   113.173333742064
5.475   118.81925643778781
5.485   133.07846561551543
5.495   130.06813338566297
5.506   114.44665488752557
5.516   161.48863770894496
5.526   119.55123460406404
5.536   150.58968831452844
5.546   153.67681340259884
5.556   141.15043731673438
5.566   166.12475650779965
5.576   118.33056857948337
5.586   150.91128612048442
5.596   105.97416360242156
5.606   132.15604587739455
5.616   141.795944021689
5.626   152.0332308572266
5.636   116.34838960698188
5.646   137.77287313874626
5.656   167.5325613498586
5.666   119.711156950101
5.676   167.49828593722492
5.686   147.90639486679135
5.696   147.55153429971614
5.706   130.13667104987815
5.716   153.35876967953652
5.726   150.34159665733358
5.736   157.94834625118287
5.746   154.06870909342246
5.756   127.96764151619004
5.766   159.13612867688119
5.776   169.9920300744306
5.786   171.06028486552955
5.796   175.68691186702722
5.806   149.08880023594378
5.816   154.7412049451496
5.826   134.9499918732533
5.836   158.65371515082836
5.846   150.85984371268634
5.856   171.72642243499678
5.866   168.7435364566412
5.876   137.43384327280532
5.886   140.41131279110863
5.896   152.31494682094663
5.906   148.08250907804864
5.916   168.96146045492816
5.926   179.85100919693815
5.936   153.28089275822384
5.946   166.045624692392
5.956   170.33507869162696
5.966   171.0327349431961
5.976   143.28679680470614
5.986   146.7214775249997
5.996   185.31880580185202
6.006   169.6036782498224
6.016   150.295397452881
6.026   184.43297231662655
6.036   156.2010428806588
6.046   176.2963908881493
6.056   148.46110121771738
6.066   158.65739595477254
6.076   184.48179306998506
6.086   176.2171081239158
6.096   182.8102570195142
6.106   190.71762025994508
6.116   147.31997506445057
6.126   157.3098219381904
6.136   132.27842376293512
6.146   157.22332324408023
6.156   158.30805573862818
6.166   148.0301750699316
6.176   146.91031280305162
6.186   172.13640390325344
6.196   212.55774381747983
6.206   165.31984343446334
6.216   166.8447054644348
6.226   170.147246724185
6.236   185.43873323415028
6.246   141.34123002228398
6.256   175.47416004407754
6.266   190.16809654936725
6.276   172.5685622779709
6.286   190.20381907432193
6.296   195.5771834698561
6.306   220.00445242074358
6.316   199.0274231345486
6.326   173.24315558349042
6.336   221.9114533111352
6.346   174.45081497111164
6.356   161.62149889077324
6.366   163.97362796040431
6.376   154.4471530694356
6.386   179.99211173365543
6.396   163.50554702365028
6.406   201.44552231760733
6.416   158.90220540120396
6.426   181.70157490995126
6.436   170.05422830011602
6.446   188.8592277020671
6.456   186.89245367025873
6.466   217.93366554420842
6.476   180.96954187344465
6.486   195.4556470006892
6.496   169.7446558533478
6.507   209.62948064864875
6.517   177.72527962908296
6.527   178.7161804930955
6.537   177.57908281634118
6.547   178.71819764619374
6.557   202.29692289893083
6.567   175.78318940963584
6.577   195.11096654802543
6.587   173.19406107363085
6.597   178.37406144010134
6.607   187.2982027450725
6.617   230.10511252130158
6.627   201.16702591383162
6.637   183.72576274570713
6.647   232.91427900648074
6.657   203.67095028880593
6.667   190.39350947448102
6.677   182.8080942771041
6.687   199.4093758396134
6.697   206.87953527816364
6.707   196.91778321467518
6.717   205.90423443334396
6.727   199.18955589080517
6.737   226.7470230967096
6.747   145.29841636963047
6.757   191.92909605764572
6.767   204.05184187161097
6.777   191.72962426873175
6.787   192.9037105064881
6.797   183.9316150085607
6.807   211.01922295007122
6.817   206.8446425528399
6.827   158.23430217057427
6.837   206.1893496773286
6.847   234.81614813061012
6.857   195.31922258345264
6.867   213.4280295503558
6.877   224.79337594882531
6.887   197.4586031076875
6.897   232.784048806724
6.907   194.17844193446282
6.917   206.65351809925164
6.927   218.09591883741956
6.937   193.52853047813258
6.947   231.44542768749307
6.957   198.86167916733802
6.967   188.8667192616913
6.977   209.78453813431395
6.987   225.95936075614281
6.997   226.91866505743917
7.007   234.6753403459275
7.017   199.1703697354772
7.027   242.8162182724921
7.037   207.78754184686727
7.047   214.3880143069087
7.057   187.62634132594712
7.067   219.24149147145465
7.077   234.11674734942727
7.087   219.8064726643858
7.097   191.4611840267063
7.107   222.36626125864618
7.117   189.431852446689
7.127   261.06814495322783
7.137   215.80481045664652
7.147   239.2912519061095
7.157   250.61380106365385
7.167   245.38023552077584
7.177   228.9804712764584
7.187   254.93535376501177
7.197   220.89459423909784
7.207   226.69992235486563
7.217   264.1861194151914
7.227   235.13000616479871
7.237   234.7888798452297
7.247   234.82691187805432
7.257   218.2926110481512
7.267   212.96124549890112
7.277   266.1713194782865
7.287   240.2758931000591
7.297   227.0022602833531
7.307   233.75752598318266
7.317   238.30309601221083
7.327   218.51445904954534
7.337   198.92461322341745
7.347   254.97528053523348
7.357   225.022121580808
7.367   221.0585357930406
7.377   246.46837354240387
7.387   231.84311912259477
7.397   272.07924799192153
7.407   267.0362538828535
7.417   219.53777697271283
7.427   251.96279887202627
7.437   217.1857509439302
7.447   235.29442378861825
7.457   258.3503683897347
7.467   246.47991406609623
7.477   266.21331999882096
7.487   230.54088100201886
7.497   220.2447973288449
7.508   253.54805488150492
7.518   282.69674457436133
7.528   260.02389750464386
7.538   226.6609173472736
7.548   257.7849330224675
7.558   234.17416434860417
7.568   209.90094351707208
7.578   248.91656198066005
7.588   252.5690742190412
7.598   255.30922026219866
7.608   242.2663519557642
7.618   275.2445273260278
7.628   285.8335024501308
7.638   258.7360501396955
7.648   241.90621338863517
7.658   291.1462163684955
7.668   287.5889320904945
7.678   290.4537358908584
7.688   240.4346855246598
7.698   222.44840799635534
7.708   227.02947206496015
7.718   236.40758588219262
7.728   263.60235364445407
7.738   260.0599031748052
7.748   238.66126649337036
7.758   274.1992372098348
7.768   252.62360233532644
7.778   229.24757294520577
7.788   253.80492842369017
7.798   239.1006589711595
7.808   270.43505796927025
7.818   243.8567246769091
7.828   243.24806099491397
7.838   291.5722050742164
7.848   264.5627907608633
7.858   253.28251893138213
7.868   254.14863069301015
7.878   279.41599287896764
7.888   292.99856909907834
7.898   276.6812950392972
7.908   268.7936153993992
7.918   289.7172420855078
7.928   289.1265985794814
7.938   266.3865851002365
7.948   269.5384289284036
7.958   281.1906656043885
7.968   292.27827548684695
7.978   274.1044165367517
7.988   291.16727674000765
7.998   305.1490062413991
8.008   270.26857070197116
8.018   238.46408262911226
8.028   293.0500100567009
8.038   256.4626838697183
8.048   277.7210414260877
8.058   270.9083722235283
8.068   276.1912197201297
8.078   255.605837635864
8.088   277.0793209178652
8.098   322.50636419729824
8.108   246.08369701176142
8.118   317.654734639094
8.128   311.04020765465384
8.138   258.8677166622239
8.148   310.8269184361418
8.158   284.59612190924577
8.168   290.71385190337395
8.178   284.8057194797393
8.188   295.18346781544324
8.198   287.3942317352547
8.208   307.98168931136706
8.218   266.92638032735147
8.228   313.1208315728227
8.238   304.4810605408943
8.248   329.11537482871734
8.258   286.8497602771541
8.268   261.12032456031716
8.278   322.6246543787935
8.288   318.5121343234892
8.298   301.16943599298304
8.308   291.33107551199845
8.318   300.624206883668
8.328   339.9457167048346
8.338   320.975139076697
8.348   320.4659864958038
8.358   325.0483233875333
8.368   290.4999177483413
8.378   321.855310237695
8.388   338.33341074072587
8.398   297.9255912970715
8.408   283.67426917186765
8.418   336.0894559110834
8.428   318.7483396937432
8.438   273.66156593663834
8.448   292.73957737046806
8.458   329.8531734214943
8.468   317.1076097066176
8.478   327.3760278132935
8.488   333.7920516669774
8.498   345.93148093975867
8.509   306.1682009108397
8.519   311.7664285413388
8.529   306.63696552627005
8.539   310.19572600786057
8.549   337.3934442148181
8.559   331.75987420599506
8.569   319.50601598669374
8.579   320.596564769966
8.589   332.7375790687407
8.599   304.47317140946615
8.609   311.51259996671433
8.619   316.44904340022043
8.629   354.2858935589554
8.639   327.9266287696586
8.649   349.4506154816373
8.659   343.91943312775106
8.669   341.11772125638606
8.679   313.91014306490695
8.689   298.97951317108095
8.699   337.65983461459064
8.709   312.1217941816084
8.719   314.51956077164925
8.729   332.5500249184879
8.739   318.04510039160004
8.749   356.0649706569107
8.759   308.54315488894645
8.769   324.2110187855785
8.779   353.58820702025935
8.789   317.25710993091514
8.799   364.2909359514373
8.809   306.5360938129292
8.819   332.5707787824459
8.829   334.87924515350096
8.839   326.954254196548
8.849   328.86139804255896
8.859   321.806889370025
8.869   342.1834555125133
8.879   301.2988196809789
8.889   371.1743994389301
8.899   344.5486441545246
8.909   348.3877042495435
8.919   346.36375703872636
8.929   350.1121575378614
8.939   397.3372357400201
8.949   348.55261169791703
8.959   351.3057124108535
8.969   347.7393743453441
8.979   347.1291778739236
8.989   369.8236188572418
8.999   310.6495893182126
9.009   355.1919474627448
9.019   327.4894584596045
9.029   325.5582024523185
9.039   330.9148808199287
9.049   333.51357061434965
9.059   333.88056278529297
9.069   359.7605861392732
9.079   383.83625846698374
9.089   356.8926113440208
9.099   325.8759110597498
9.109   375.4817108242345
9.119   390.2994259409644
9.129   356.3054687555635
9.139   375.78435097382453
9.149   329.5329710108073
9.159   362.255845976667
9.169   366.6120478905121
9.179   351.1202475194741
9.189   371.13384125119626
9.199   363.40300767872833
9.209   363.18303043771135
9.219   345.2813675336698
9.229   332.73856327503654
9.239   369.1593328240283
9.249   388.9100059527093
9.259   336.6323501145595
9.269   365.742640594892
9.279   364.2416060479752
9.289   384.1593970593244
9.299   396.6628390750492
9.309   353.9055264397348
9.319   376.1804525879718
9.329   363.36772965115836
9.339   385.0642610213798
9.349   387.7154240676748
9.359   375.74695826532593
9.369   388.57287997751985
9.379   384.1254530378336
9.389   389.58268619661686
9.399   371.61958957621624
9.409   416.6671244748857
9.419   375.63850333495736
9.429   411.72781952352415
9.439   385.00647435699284
9.449   391.74594830705183
9.459   407.4933942622241
9.469   408.8215980148327
9.479   392.40219476167135
9.489   372.58973087725934
9.499   378.19967415583915
9.51   360.2077355622289
9.52   397.81043492961726
9.53   388.07256492656245
9.54   385.7617256290191
9.55   390.14946843227483
9.56   409.2504912391556
9.57   389.4284147266376
9.58   384.53468559485
9.59   399.3087324243109
9.6   382.9996728818684
9.61   392.3312391596668
9.62   395.9552703479819
9.63   379.5043623436819
9.64   406.92309894985954
9.65   407.68262463806775
9.66   436.26594563896987
9.67   400.69779607282464
9.68   364.054951544583
9.69   410.2390880205203
9.7   381.29268139214844
9.71   414.6344924188604
9.72   427.80245521907284
9.73   412.3393836894967
9.74   412.76943927863726
9.75   410.96923002956
9.76   424.319942164448
9.77   398.58340970806046
9.78   440.1376330787119
9.79   444.95517761438646
9.8   425.50166353659176
9.81   448.00901327492284
9.82   407.71166380884085
9.83   427.1851952076335
9.84   388.195305044367
9.85   402.1473448593256
9.86   402.53317894579885
9.87   421.79298092533065
9.88   398.0308537202475
9.89   385.9067420441923
9.9   442.10539553638023
9.91   414.8335596484851
9.92   408.4432093596593
9.93   422.19119659649436
9.94   435.0673558797243
9.95   441.8640678258251
9.96   423.9836065767282
9.97   423.01603160997445
9.98   447.56517698901905
9.99   416.97526565765315
10.0   404.82089002353837
